5.277666617432293095e-02
4.933597989474114431e-02
5.152948484375777238e-02
5.831760470891543535e-02
5.124964560943624792e-02
4.724742808308123043e-02
4.707472487012721862e-02
3.966215925028313688e-02
4.596227016145041505e-02
4.780877298928319641e-02
4.916291707808446987e-02
4.604557257753679606e-02
4.836397352506362213e-02
5.588920170037267598e-02
5.255334290666244246e-02
5.238368613219863967e-02
4.953622156999699933e-02
4.924990773777222774e-02
5.826506517159640852e-02
6.924735400962840626e-02
6.784218542472036928e-02
5.625709862325306565e-02
6.182338143527479901e-02
6.433251866277348019e-02
7.350954373292799271e-02
6.913679606694764224e-02
7.349128938013127499e-02
8.288249717341056311e-02
6.988358560179441792e-02
7.385491068267094339e-02
7.481419852503973233e-02
8.351584405170071890e-02
8.043715408453391835e-02
8.171659143044998630e-02
1.000818946036031443e-01
9.482618182681984420e-02
1.087544582889954925e-01
9.340907542992181456e-02
1.046784769500125750e-01
1.380253928662833127e-02
1.009457435959951188e-01
1.022522068581450949e-01
1.005852689824541513e-01
1.150315414326560787e-01
1.149988262635603942e-01
1.108442332540189174e-01
1.005610846675078773e-01
1.030336337255580714e-01
9.725987223263385384e-02
1.322026046550398293e-01
