3.439958135210796075e-01
4.259781186202393766e-01
4.991495968100304603e-01
6.264283621647691591e-01
6.179828780141839450e-01
6.617302975937204845e-01
7.313520496877859989e-01
7.522398340200935341e-01
8.119520434528966213e-01
8.178518546113363596e-01
8.820756978760505573e-01
8.961979604561631785e-01
9.366092428219880972e-01
9.583638223706191228e-01
9.875062335902434763e-01
9.957905006547840276e-01
1.014399661871044245e+00
1.022111685248875634e+00
1.071135683616540213e+00
1.084678605873653501e+00
1.097274498235337292e+00
1.099928748389059185e+00
1.127206072661296021e+00
1.149688514731949329e+00
1.167524927264130596e+00
1.155788014157448584e+00
1.211555590405134941e+00
1.251556357954825671e+00
1.210965344600319016e+00
1.220358743407465640e+00
1.237426256796579027e+00
1.250424547813549836e+00
1.249154282500134494e+00
1.290521813768022552e+00
1.301557991043658324e+00
1.343938853357554919e+00
1.386399265518870605e+00
1.376242454897471656e+00
1.377640854412565119e+00
1.380963525635698241e+00
1.388788972391769461e+00
1.361533170500984546e+00
1.393800324303037685e+00
1.458090155258189080e+00
1.475397071001872451e+00
1.453359999321923279e+00
1.428921080099042173e+00
1.453367020824064104e+00
1.474161895084201923e+00
1.476483140353129331e+00
